 293           36            0 
 259           29            0 
 220           40            0 
 199           74            0 
 202           111           0 
 225           123           0 
 255           127           0 
 270           141           0 
 244           158           0 
 204           171           0 
 197           201           0 
 204           230           0 
 225           252           0 
 254           257           0 
 293           259           0 
 15            0             0 
