 130           184           0 
 143           204           0 
 145           223           0 
 121           237           0 
 133           252           0 
 165           252           0 
 198           237           0 
 203           208           0 
 194           181           0 
 182           152           0 
 162           124           0 
 156           100           0 
 156           71            0 
 168           50            0 
 185           39            0 
 15            0             0 
