 9             210           0 
 14            183           0 
 23            162           0 
 49            151           0 
 70            150           0 
 94            164           0 
 118           185           0 
 142           194           0 
 160           172           0 
 179           151           0 
 212           137           0 
 248           162           0 
 262           186           0 
 278           200           0 
 292           186           0 
 310           163           0 
 342           152           0 
 17            0             0 
