 173           82            0 
 158           96            0 
 139           115           0 
 129           141           0 
 121           164           0 
 116           200           0 
 114           219           0 
 114           246           0 
 119           282           0 
 145           301           0 
 187           304           0 
 211           295           0 
 219           268           0 
 222           242           0 
 210           216           0 
 197           198           0 
 16            0             0 
