 178           222           0 
 165           234           0 
 147           252           0 
 148           278           0 
 164           311           0 
 207           305           0 
 233           270           0 
 236           219           0 
 231           177           0 
 219           153           0 
 212           124           0 
 211           97            0 
 215           76            0 
 236           56            0 
 257           37            0 
 15            0             0 
