 253           28            0 
 219           40            0 
 197           64            0 
 197           102           0 
 211           117           0 
 235           135           0 
 247           154           0 
 245           187           0 
 232           204           0 
 205           207           0 
 181           207           0 
 160           205           0 
 142           203           0 
 125           200           0 
 111           197           0 
 15            0             0 
