 91            58            0 
 131           66            0 
 182           70            0 
 168           102           0 
 133           123           0 
 104           137           0 
 112           151           0 
 148           165           0 
 172           170           0 
 153           207           0 
 129           221           0 
 110           232           0 
 125           239           0 
 151           238           0 
 187           238           0 
 219           237           0 
 237           235           0 
 261           235           0 
 18            0             0 
