 148           80            0 
 140           109           0 
 137           126           0 
 137           150           0 
 130           186           0 
 129           232           0 
 138           254           0 
 156           257           0 
 172           242           0 
 182           224           0 
 186           206           0 
 180           192           0 
 164           181           0 
 187           176           0 
 220           184           0 
 251           184           0 
 16            0             0 
