 204           8             0 
 184           31            0 
 171           54            0 
 174           84            0 
 187           107           0 
 201           129           0 
 220           151           0 
 225           171           0 
 211           201           0 
 182           214           0 
 159           223           0 
 145           239           0 
 140           253           0 
 146           263           0 
 155           267           0 
 169           269           0 
 16            0             0 
