 180           44            0 
 165           75            0 
 147           108           0 
 137           141           0 
 147           166           0 
 175           172           0 
 204           158           0 
 232           134           0 
 249           120           0 
 248           161           0 
 249           196           0 
 248           217           0 
 247           241           0 
 246           258           0 
 245           272           0 
 242           289           0 
 240           302           0 
 17            0             0 
