 39            193           0 
 57            166           0 
 89            129           0 
 114           96            0 
 145           55            0 
 172           89            0 
 190           126           0 
 202           154           0 
 217           193           0 
 178           193           0 
 152           194           0 
 119           189           0 
 117           206           0 
 117           228           0 
 118           258           0 
 117           271           0 
 133           271           0 
 148           268           0 
 174           269           0 
 198           268           0 
 219           265           0 
 21            0             0 
