 152           43            0 
 151           68            0 
 151           85            0 
 151           103           0 
 151           125           0 
 151           141           0 
 151           165           0 
 151           189           0 
 151           212           0 
 151           229           0 
 170           229           0 
 185           226           0 
 207           227           0 
 222           227           0 
 240           227           0 
 260           227           0 
 16            0             0 
