 79            302           0 
 87            266           0 
 95            243           0 
 101           222           0 
 107           201           0 
 113           175           0 
 121           155           0 
 139           145           0 
 182           156           0 
 185           178           0 
 165           201           0 
 153           213           0 
 174           218           0 
 180           231           0 
 182           246           0 
 177           265           0 
 16            0             0 
